78
0 1 31.00
0 24 33.10
0 34 27.09
1 2 32.95
1 23 38.84
2 3 15.41
2 7 18.01
3 4 23.25
3 6 19.10
4 5 18.01
5 8 30.51
6 7 1.84
6 19 28.27
7 20 29.93
8 9 9.06
9 10 7.62
9 11 48.24
10 15 24.40
10 19 24.48
11 12 4.12
12 13 7.57
12 14 61.26
13 15 20.16
14 16 52.19
14 41 9.08
15 16 10.01
15 17 10.10
16 17 6.90
16 27 25.44
17 18 1.06
18 21 23.09
19 20 2.66
20 21 16.24
20 23 20.02
21 22 2.66
22 24 21.35
22 25 9.90
23 24 4.67
24 26 17.34
25 26 23.65
25 29 13.61
26 33 15.96
26 34 25.21
27 28 11.83
27 36 22.28
28 29 17.34
28 31 17.13
28 37 41.78
29 30 15.13
30 31 2.02
30 32 2.31
31 32 1.56
32 33 13.48
33 35 26.68
36 39 44.21
37 38 22.35
37 42 53.15
38 39 12.36
39 40 44.16
39 49 78.22
40 41 27.08
40 43 71.88
42 47 58.17
42 48 44.55
43 44 79.52
44 45 89.83
45 46 49.03
47 48 38.99
47 53 92.85
48 50 36.70
49 50 32.17
49 51 32.97
50 51 21.25
50 52 79.95
52 53 17.80
53 54 6.75
54 56 110.67
55 56 47.20