57
106.09021 29.872113 0 0
105.908931 29.653362 0 0
105.862739 29.381072 0 0
105.911481 29.263229 0 0
105.87836 29.062139 0 0
106.026219 28.963805 0 0
106.037486 29.364862 0 0
106.034454 29.379296 0 0
106.237298 29.133761 0 0
106.288658 29.194122 0 0
106.335523 29.244741 0 2
106.671596 29.001706 0 0
106.655082 29.035973 0 0
106.597378 29.128597 0 0
107.086518 29.138763 0 1
106.571608 29.290794 0 0
106.646703 29.339377 0 0
106.595673 29.378301 0 0
106.5962 29.388103 0 0
106.303047 29.442978 0 0
106.300677 29.464739 0 0
106.439982 29.514116 0 0
106.443735 29.537885 0 0
106.305221 29.637993 0 0
106.321951 29.674256 0 0
106.494615 29.608986 0 0
106.407628 29.793868 0 0
106.738518 29.538512 0 0
106.790154 29.632759 0 0
106.625769 29.630207 0 2
106.694286 29.747297 0 0
106.704073 29.762706 0 0
106.69168 29.767357 0 0
106.559376 29.772687 0 0
106.326088 29.95678 0 0
106.521696 29.962477 0 0
106.921131 29.6142 0 0
107.081153 29.851295 0 2
107.262781 29.760656 0 0
107.326609 29.682774 0 0
107.351644 29.32434 0 0
107.173861 29.154195 0 0
107.323158 30.258421 0 0
108.000528 29.380944 0 2
108.720587 29.524605 0 0
108.787535 28.7988 0 0
109.030695 28.494504 0 0
107.733824 30.615273 0 0
107.76119 30.297507 0 0
107.880468 29.994282 0 2
108.077433 30.19071 0 0
108.17625 30.03053 0 0
108.489564 30.761429 0 0
108.42025 30.894572 0 0
108.470145 30.919095 0 2
109.586998 31.388097 0 0
109.513442 31.069015 0 0