57
250 300 0 0
250 480 0 0
208 678 0 0
238 744 0 0
255 964 0 0
306 1020 0 0
332 884 0 0
380 708 0 0
430 1000 0 0
440 926 0 0
498 856 0 2
502 1010 0 0
595 992 0 0
570 928 0 0
824 988 0 1
660 826 0 0
798 882 0 0
769 778 0 0
677 772 0 0
499 736 0 0
590 704 0 0
692 694 0 0
793 682 0 0
442 602 0 0
524 568 0 0
674 560 0 0
610 466 0 0
861 782 0 0
848 692 0 0
789 622 0 2
708 504 0 0
841 524 0 0
850 404 0 0
705 408 0 0
600 300 0 0 
706 255 0 0
946 634 0 0
924 490 0 2
970 544 0 0
1060 610 0 0
995 808 0 0
940 920 0 0
978 350 0 0
1200 772 0 2
1420 688 0 0
1420 980 0 0
1609 1040 0 0
1110 220 0 0
1126 342 0 0
1164 406 0 2
1221 322 0 0
1256 394 0 0
1484 268 0 0
1400 220 0 0
1480 200 0 2
1660 130 0 0
1700 200 0 0